

CL = -0.02075 + 0.015*alpha + 0.0254*alpha^2 + 0.0588*alpha^3 + 0.0594*alpha^4;
CD =  0.03553 + 0.0008*alpha - 0.0248*alpha^2 + 0.3720*alpha^3 - 0.6208*alpha^4;
Cm =  0.0126 - 0.0097*alpha + 0.0336*alpha^2 - 0.1431*alpha^3;
Cy = -0.1053*alpha + 0.0265*alpha^2 + 0.1008*alpha^3;
Cn =  0.0108*alpha - 0.0012*alpha^2 - 0.0004*alpha^3;

% arc = pi/180;
% % CL
% BL = [0.01379 0.01647 0.02342 0.03112]';
% AL = [1 -3*arc (-3*arc)^2 (-3*arc)^3;
%      1 +3*arc (+3*arc)^2 (+3*arc)^3;
%      1 12*arc (12*arc)^2 (12*arc)^3;
%      1 12*arc (21*arc)^2 (21*arc)^3];
% CL = inv(AL)*BL
% % CL = 0.0150    0.0254    0.0588    0.0594;
% 
% % CD
% BD = [0.00319 0.00041 0.00619 0.01498]';
% AD = [1 -3*arc (-3*arc)^2 (-3*arc)^3;
%       1 +3*arc (+3*arc)^2 (+3*arc)^3;
%       1 12*arc (12*arc)^2 (12*arc)^3;
%       1 12*arc (21*arc)^2 (21*arc)^3];
% CD = inv(AD)*BD
% % CD: 0.0008   -0.0248    0.3720   -0.6208;
% 
% % Cm: 6 12 26 36
% Bm = [0.01177 0.01071 0.00173 -0.01574]';
% Am = [1 6*arc  (6*arc)^2  (6*arc)^3;
%       1 12*arc (12*arc)^2 (12*arc)^3;
%       1 26*arc (26*arc)^2 (26*arc)^3;
%       1 36*arc (36*arc)^2 (36*arc)^3;];
% Cm = inv(Am)*Bm
% % Cm: 0.0126   -0.0097    0.0336   -0.1431
% 
% % Cy: -10.0232 -5.9943 0 7.9493
% By = [0.01869 0.01119 0 -0.01383]';
% Ay = [1 -10.0232*arc  (-10.0232*arc)^2  (-10.0232*arc)^3;
%       1  -5.9943*arc   (-5.9943*arc)^2   (-5.9943*arc)^3;
%       1        0*arc        (0*arc)^2          (0*arc)^3;
%       1   7.9493*arc   (7.9493*arc)^2     (7.9493*arc)^3];
% Cy = inv(Ay)*By
% % Cy: 0   -0.1053    0.0265    0.1008
% 
% % Cy: -10.0232 -5.9943 0 7.9493
% Bn = [-0.001920 -0.001140 0 0.001470]';
% An = [1 -10.0232*arc  (-10.0232*arc)^2  (-10.0232*arc)^3;
%       1  -5.9943*arc   (-5.9943*arc)^2   (-5.9943*arc)^3;
%       1        0*arc        (0*arc)^2          (0*arc)^3;
%       1   7.9493*arc   (7.9493*arc)^2     (7.9493*arc)^3];
% Cn = inv(An)*Bn
% % Cn: 0    0.0108   -0.0012   -0.0004
