alpha = [-3.0 0.0 3.0 6.0 9.0 12.0 15.0 18.0 21.0];
CLalpha = [0.01379 0.01513 0.01647	0.01815 0.02038 0.02342 0.02613 0.02863 0.03112];
CDalpha = [0.00319 0.0018 0.00041 0.00139 0.00347 0.00619 0.00896 0.01197 0.01498];

CL = CLalpha.*alpha;
CD = CDalpha.*alpha;

alpha2 = [6.00 7.00 8.00 9.00 10.00 11.00 12.00 13.00 14.00 15.00 18.00...
    21.00 24.00 26.00 28.00 31.00 33.00 36.00 38.00 40.00 45.00];

Cm = [0.1177 0.1163 0.1147 0.1134 0.1108 0.1091 0.1071 0.1045...
    0.1027 0.0988 0.0881 0.0705 0.0418 0.0173 -0.0117 -0.0598...
    -0.0952 -0.1574 -0.2009 -0.2452 -0.3634];
CM = Cm.*alpha2;

beta = [-10.0232 -8.9883 -7.9433 -7.0392 -5.9943 -4.9493 -4.0353 -3.1109...
    -1.9157 -0.9817 -0.0573 0 0.9973 1.9216 2.9862 4.0512 4.9654 6.0102...
    7.0452 7.9493];
Cy = [0.1869 0.1675 0.1476 0.1311 0.1119 0.0926 0.0764 0.0595...
    0.0386 0.0223 0.0051 0 -0.0135 -0.0304 -0.0490 -0.0682 -0.0847...
    -0.1033 -0.1225 -0.1383];

Cn = [-0.01920 -0.01710 -0.01510 -0.01330 -0.01140 -0.00945...
    -0.00775 -0.00607 -0.00383 -0.00205 -0.00024 0 0.00178 0.00353...
    0.00549 0.00742 0.00912 0.01100 0.01290 0.01470];

eta = [0 0.25 0.5 0.75 1 1.25 1.5 1.75 2];
Isp_eta = [0000.00 1200.15 1732.14 2050.15 2318.15 2554.15 2768.15 2964.15 3146.15]; % M = 6
Isp_M = [3686.8999 3686.8999 3671.5874 3660.1030 3652.4468 3610.3374 3549.0874 3380.6499 3300.3999 3200.6499 2768.1499 1890.0250 0777.5250]; % eta = 1.5
CT = [1.28082 0.63590 0.38950 0.32969 0.30943 0.28319 0.26975 0.29813 0.42037 0.74286 1.68873 3.18486 5.37993]; % alpha = 3;
M = [0.4 0.6 0.8 0.9 0.95 1.05 1.2 1.5 2.0 3.0 6.0 12.0 24.0];

Isp=[
   0000.0000 0000.0000 0000.0000 0000.0000 0000.0000 0000.0000 0000.0000 0000.0000 0000.0000 0000.0000 0000.0000 0000.0000 0000.0000;
   1693.1500 1693.1500 1686.9000 1682.2125 1679.0875 1661.9000 1636.9000 1568.1500 1443.1500 1568.1500 1318.1500 0755.6500 0505.6500;
   2262.3999 2262.3999 2253.5625 2246.9343 2242.5156 2218.2126 2182.8625 2085.6499 1908.9000 2085.6499 1732.1499 0936.7750 0583.2750;
   2699.6499 2699.6499 2688.8250 2680.7063 2675.2937 2645.5249 2602.2251 2483.1499 2266.6501 2483.1499 2050.1499 1075.9000 0642.9000;
   3068.1499 3068.1499 3055.6499 3046.2749 3040.0249 3005.6499 2955.6499 2818.1499 2568.1499 2818.1499 2318.1499 1193.1500 0693.1500;
   3392.6501 3392.6501 3378.6748 3368.1936 3361.2063 3322.7749 3266.8750 3113.1499 2833.6499 3113.1499 2554.1501 1296.4000 0737.4000;
   3686.8999 3686.8999 3671.5874 3660.1030 3652.4468 3610.3374 3549.0874 3380.6499 3074.3999 3380.6499 2768.1499 1390.0250 0777.5250;
   3956.4001 3956.4001 3939.8625 3927.4595 3919.1907 3873.7124 3807.5625 3625.6499 3294.8999 3625.6499 2964.1501 1475.7750 0814.2750;
   4206.6499 4206.6499 4188.9751 4175.7188 4166.8813 4118.2749 4047.5750 3853.1499 3499.6499 3853.1499 3146.1499 1555.4000 0848.4000];

CDalf_alfa_M = [
-0.00323 -0.00348 -0.00507 -0.00646 -0.00677 -0.00716 -0.00588 -0.00475 -0.00419 -0.00356 -0.00319 -0.00256 -0.00213;
-0.00107 -0.0012 -0.00173 -0.00157 -0.00163 -0.00132 -0.00121 -0.00137 -0.00151 -0.00158 -0.0018 -0.00153 -0.00128;
0.0011 0.00109 0.0016 0.00331 0.00352 0.00453 0.00347 0.00201 0.00117 0.0004 -0.00041 -0.00051 -0.00043;
0.00415 0.00425 0.00595 0.00764 0.00858 0.00939 0.00838 0.00607 0.00448 0.00281 0.00139 0.00068 0.00056;
0.00794 0.0082 0.0115 0.01248 0.01444 0.01514 0.01402 0.011 0.00841 0.00554 0.00347 0.00204 0.00169;
0.01227 0.01323 0.01769 0.01907 0.02153 0.02275 0.01922 0.01645 0.01309 0.00908 0.00619 0.00407 0.00336;
0.01816 0.02137 0.02453 0.02588 0.02791 0.0291 0.02683 0.0215 0.01766 0.01269 0.00896 0.0064 0.00529;
0.02424 0.02993 0.02995 0.0317 0.0338 0.03633 0.03326 0.02777 0.02305 0.01663 0.01197 0.00904 0.00749;
0.03033 0.03849 0.03537 0.03752 0.03969 0.04357 0.03969 0.03404 0.02844 0.02057 0.01498 0.01169 0.00968];

CLalpha_alfa_M=[
0.05483 0.05972 0.06170 0.06832 0.07085 0.07335 0.07145 0.05858 0.04392 0.02805 0.01379 0.00956 0.00794;
0.05472 0.05805 0.06173 0.06613 0.07078 0.07272 0.06948 0.05817 0.04417 0.02854 0.01513 0.01012 0.00840;
0.05460 0.05638 0.06177 0.06395 0.07072 0.07208 0.06752 0.05775 0.04442 0.02904 0.01647 0.01068 0.00886;
0.05827 0.05833 0.06255 0.06275 0.07170 0.06993 0.06987 0.05830 0.04527 0.02967 0.01815 0.01139 0.00946;
0.06087 0.06170 0.06328 0.06192 0.07006 0.07203 0.07093 0.05973 0.04720 0.03138 0.02038 0.01297 0.01076;
0.06092 0.06287 0.06370 0.06452 0.06976 0.07470 0.06717 0.06097 0.04957 0.03409 0.02342 0.01630 0.01350;
0.06440 0.06678 0.06455 0.06533 0.06792 0.06927 0.06722 0.05978 0.05017 0.03582 0.02613 0.01986 0.01645;
0.06872 0.06725 0.06368 0.06343 0.06215 0.06448 0.06847 0.05725 0.04950 0.03651 0.02863 0.02319 0.01921;
0.07303 0.06772 0.06282 0.06153 0.05638 0.05970 0.06972 0.05472 0.04882 0.03720 0.03112 0.02652 0.02197];

% surf(M,alpha,CLalpha_alfa_M)
% xlabel('M')
% ylabel('alpha')
% zlabel('CLalpha')

% surf(M,alpha,CDalf_alfa_M)
% xlabel('M')
% ylabel('alpha')
% zlabel('CDalpha')

% surf(M,eta,I)
% xlabel('M')
% ylabel('Eta')
% zlabel('Isp')

% plot(alpha,CL)
% xlabel('alpha')
% ylabel('CL')
% grid on

% plot(alpha,CD)
% xlabel('alpha')
% ylabel('CD')
% grid on

% plot(alpha2,Cm)
% xlabel('alpha')
% ylabel('Cm')
% grid on

% plot(beta,Cy)
% xlabel('alpha')
% ylabel('Cy')
% grid on

% plot(beta,Cn)
% xlabel('alpha')
% ylabel('Cn')
% grid on

% plot(eta,Isp)
% xlabel('Eta')
% ylabel('Isp')
% grid on
